#C should work with SS version:
#C file created using an r4ss function
#C file write time: 2025-07-17  09:34:18
#
1983 #_styr
2022 #_endyr
1 #_nseas
12 #_months_per_seas
2 #_Nsubseasons
1 #_spawn_month
1 #_Nsexes
26 #_Nages
1 #_N_areas
2 #_Nfleets
#_fleetinfo
#_type	surveytiming	area	units	need_catch_mult	fleetname
1	-1	1	1	0	Commercial	#_1
3	 1	1	1	0	NCRMP     	#_2
#_Catch data
#_year	season	fleet	catch	catch_se
 -999	1	1	168.3114	0.3	#_1         
 1983	1	1	181.4264	0.3	#_2         
 1984	1	1	153.2755	0.3	#_3         
 1985	1	1	171.4617	0.3	#_4         
 1986	1	1	 86.7961	0.3	#_5         
 1987	1	1	 88.5297	0.3	#_6         
 1988	1	1	102.1292	0.3	#_7         
 1989	1	1	131.1077	0.3	#_8         
 1990	1	1	156.2288	0.3	#_9         
 1991	1	1	218.5612	0.3	#_10        
 1992	1	1	187.6869	0.3	#_11        
 1993	1	1	 230.096	0.3	#_12        
 1994	1	1	216.5585	0.3	#_13        
 1995	1	1	319.3165	0.3	#_14        
 1996	1	1	294.6736	0.3	#_15        
 1997	1	1	269.5999	0.3	#_16        
 1998	1	1	252.0487	0.3	#_17        
 1999	1	1	277.7542	0.3	#_18        
 2000	1	1	495.6776	0.3	#_19        
 2001	1	1	359.7639	0.3	#_20        
 2002	1	1	258.2905	0.3	#_21        
 2003	1	1	213.0802	0.3	#_22        
 2004	1	1	263.2325	0.3	#_23        
 2005	1	1	206.6119	0.3	#_24        
 2006	1	1	 218.106	0.3	#_25        
 2007	1	1	165.2125	0.3	#_26        
 2008	1	1	 302.295	0.3	#_27        
 2009	1	1	174.3202	0.3	#_28        
 2010	1	1	169.2905	0.3	#_29        
 2011	1	1	117.5356	0.3	#_30        
 2012	1	1	161.9373	0.3	#_31        
 2013	1	1	101.7232	0.3	#_32        
 2014	1	1	150.8338	0.3	#_33        
 2015	1	1	138.7346	0.3	#_34        
 2016	1	1	148.0931	0.3	#_35        
 2017	1	1	 98.2535	0.3	#_36        
 2018	1	1	116.6727	0.3	#_37        
 2019	1	1	129.4294	0.3	#_38        
 2020	1	1	 97.3407	0.3	#_39        
 2021	1	1	116.1257	0.3	#_40        
 2022	1	1	136.7938	0.3	#_41        
-9999	0	0	       0	  0	#_terminator
#_CPUE_and_surveyabundance_observations
#_Units:  0=numbers; 1=biomass; 2=F; >=30 for special types
#_Errtype:  -1=normal; 0=lognormal; >0=T
#_SD_Report: 0=no sdreport; 1=enable sdreport
#_fleet	units	errtype	SD_report
1	1	0	0	#_Commercial
2	0	0	0	#_NCRMP     
#
#_CPUE_data
#_year	month	index	obs	se_log
 2014	7	2	 2.402	0.158	#_1         
 2016	7	2	1.3882	0.173	#_2         
 2019	7	2	2.6552	0.152	#_3         
 2021	7	2	2.6613	0.089	#_4         
-9999	0	0	     0	     0	#_terminator
0 #_N_discard_fleets
#_discard_units (1=same_as_catchunits(bio/num); 2=fraction; 3=numbers)
#_discard_errtype:  >0 for DF of T-dist(read CV below); 0 for normal with CV; -1 for normal with se; -2 for lognormal
#
#_discard_fleet_info
#
#_discard_data
#
#_meanbodywt
0 #_use_meanbodywt
 #_DF_for_meanbodywt_T-distribution_like
#
#_population_length_bins
2 # length bin method: 1=use databins; 2=generate from binwidth,min,max below; 3=read vector
1 # binwidth for population size comp
0 # minimum size in the population (lower edge of first bin and size at age 0.00)
56 # maximum size in the population (lower edge of last bin)
1 #_use_lencomp
#
#_len_info
#_mintailcomp	addtocomp	combine_M_F	CompressBins	CompError	ParmSelect	minsamplesize
-1	0.001	0	0	0	0	0.001	#_Commercial
-1	0.001	0	0	0	0	0.001	#_NCRMP     
15 #_N_lbins
#_lbin_vector
6 9 12 15 18 21 24 27 30 33 36 39 42 45 48 #_lbin_vector
#
#_lencomp																				
#_year	month	fleet	sex	part	Nsamp	f6	f9	f12	f15	f18	f21	f24	f27	f30	f33	f36	f39	f42	f45	f48
1984	7	1	0	0	23	0	0	0	0.006472492	0.050701187	0.18230852	0.25026969	0.22330097	0.17907228	0.081984898	0.01618123	0.004314995	0.004314995	0	0.001078749
1985	7	1	0	0	38	0	0	0	0.001829826	0.006404392	0.056724611	0.20677036	0.31564501	0.21774931	0.10612992	0.045745654	0.022872827	0.010064044	0.007319305	0.002744739
1986	7	1	0	0	43	0	0	0	0.002173913	0.043478261	0.10652174	0.24130435	0.22608696	0.18043478	0.089130435	0.060869565	0.017391304	0.019565217	0.010869565	0.002173913
1987	7	1	0	0	15	0	0	0	0.003610108	0.14801444	0.31768953	0.29602888	0.15884476	0.036101083	0.007220217	0.014440433	0.010830325	0.003610108	0.003610108	0
1988	7	1	0	0	48	0	0	0	0.010688836	0.041567696	0.14133017	0.28384798	0.22684086	0.13539192	0.080760095	0.040380048	0.017814727	0.013064133	0.005938242	0.002375297
1989	7	1	0	0	35	0	0	0	0.004901961	0.031862745	0.18382353	0.2745098	0.21078431	0.11764706	0.085784314	0.049019608	0.019607843	0.007352941	0.007352941	0.007352941
1990	7	1	0	0	67	0	0	0	0.001682086	0.031118587	0.19259882	0.19512195	0.2371741	0.16820858	0.082422204	0.052985702	0.027754415	0.005046257	0.003364172	0.002523129
1991	7	1	0	0	302	0	0	0	0.002737851	0.024754734	0.11293634	0.23762263	0.26283368	0.17978554	0.090463153	0.047912389	0.024070272	0.008213552	0.004791239	0.003878622
1992	7	1	0	0	314	0	0	0	0.008845644	0.062693498	0.1899602	0.25597081	0.20367094	0.14540026	0.07717824	0.030959752	0.014927023	0.005749668	0.002211411	0.002432552
1993	7	1	0	0	170	0	0	0	0.002494932	0.041634181	0.20068611	0.26461874	0.24886948	0.12334321	0.063932637	0.032434118	0.01387806	0.004677998	0.002338999	0.001091533
1994	7	1	0	0	72	0	0	0	0.000255037	0.012241775	0.10226983	0.29405764	0.30578934	0.17087478	0.06503443	0.028819179	0.012751849	0.005610814	0.000510074	0.001785259
1995	7	1	0	0	104	0	0	0	0.002071619	0.026931045	0.12873631	0.23202131	0.20242675	0.163066	0.11571471	0.068659367	0.032849956	0.01331755	0.004439183	0.009766203
1996	7	1	0	0	26	0	0	0	0	0.008908686	0.21380846	0.24053452	0.26057906	0.14699332	0.055679287	0.037861915	0.020044543	0.006681514	0.008908686	0
1997	7	1	0	0	40	0	0	0	0.015706806	0.04886562	0.17975567	0.23036649	0.17626527	0.11518325	0.082024433	0.043630017	0.062827225	0.015706806	0.008726003	0.020942408
1998	7	1	0	0	40	0	0	0	0.00059312	0.003558719	0.069395018	0.17912218	0.20106762	0.15599051	0.11032028	0.065243179	0.077698695	0.049822064	0.046263345	0.040925267
1999	7	1	0	0	83	0	0	0	0.001097695	0.055543359	0.1909989	0.24215148	0.16421515	0.11394072	0.079473106	0.053567508	0.053567508	0.023929748	0.011635565	0.009879254
2000	7	1	0	0	64	0	0	0	0.007471399	0.023581602	0.1017978	0.19472332	0.22647677	0.16483773	0.096194256	0.068176512	0.054868083	0.02334812	0.01751109	0.021013308
2001	7	1	0	0	44	0	0	0	0.002651113	0.02757158	0.1028632	0.14793213	0.14899258	0.15800636	0.14846235	0.10339342	0.072110286	0.040827147	0.02173913	0.025450689
2002	7	1	0	0	73	0	0	0	0.000853728	0.021343199	0.12066022	0.13716562	0.17501423	0.16989186	0.13375071	0.11980649	0.071713147	0.023619806	0.011383039	0.014797951
2003	7	1	0	0	82	0	0	0	0.000223464	0.035977654	0.10435754	0.11307263	0.13631285	0.1673743	0.14234637	0.1021229	0.086927374	0.05273743	0.028603352	0.029944134
2004	7	1	0	0	88	0	0	0	0.000841397	0.009255364	0.062263357	0.18552798	0.21665966	0.18679007	0.12368532	0.084139672	0.065208246	0.038283551	0.013041649	0.014303744
2005	7	1	0	0	72	0	0	0	0.005502063	0.007336084	0.040806969	0.12242091	0.19486474	0.19073819	0.17285649	0.11737735	0.082989454	0.038055938	0.010545621	0.01650619
2006	7	1	0	0	119	0	0	0	0.005884826	0.026481715	0.05296343	0.054224464	0.12526272	0.25556957	0.15384615	0.14039512	0.084068937	0.047919294	0.027322404	0.02606137
2007	7	1	0	0	107	0	0	0	0.003482115	0.00379867	0.022158911	0.11744223	0.20607787	0.2317189	0.15986071	0.11649256	0.07977208	0.029439696	0.01456157	0.015194682
2008	7	1	0	0	86	0	0	0	0	0.002005013	0.036591479	0.078696742	0.17844612	0.22706767	0.18145363	0.14085213	0.080200501	0.037092732	0.017042607	0.020551378
2009	7	1	0	0	109	0	0	0	0.001362398	0.004995459	0.042688465	0.13215259	0.2506812	0.21298819	0.13896458	0.099000908	0.077202543	0.024977293	0.009990917	0.004995459
2010	7	1	0	0	74	0	0	0	0	0.001150086	0.013801035	0.059804485	0.2426682	0.23979298	0.16331225	0.12650949	0.097182289	0.0293272	0.012075906	0.014376078
2011	7	1	0	0	41	0	0	0	0	0	0.008759124	0.12992701	0.33284672	0.25255475	0.1270073	0.081751825	0.037956204	0.013138686	0.00729927	0.008759124
2012	7	1	0	0	56	0	0	0	0	0.005454545	0.017272727	0.23090909	0.36545454	0.19	0.080909091	0.038181818	0.031818182	0.015454545	0.007272727	0.017272727
2013	7	1	0	0	42	0	0	0	0	0	0.056402439	0.1554878	0.32012195	0.2195122	0.092987805	0.06554878	0.044207317	0.022865854	0.007621951	0.015243902
2014	7	1	0	0	97	0	0	0	0	0.003071253	0.031941032	0.17506142	0.31633907	0.22358722	0.10012285	0.058353808	0.050982801	0.02027027	0.008599509	0.011670762
2015	7	1	0	0	66	0	0	0	0	0.003873467	0.037443512	0.16978696	0.27501614	0.21368625	0.11426727	0.076823757	0.051646223	0.027759845	0.014202711	0.015493867
2016	7	1	0	0	44	0	0	0	0	0.014802632	0.042763158	0.18421053	0.30427632	0.21546053	0.11677632	0.052631579	0.036184211	0.008223684	0.013157895	0.011513158
2017	7	1	0	0	25	0	0	0	0	0.005272408	0.049209139	0.23374341	0.32161687	0.22319859	0.091388401	0.038664323	0.019332162	0.007029877	0.005272408	0.005272408
2018	7	1	0	0	37	0	0	0	0	0.004210526	0.016842105	0.084210526	0.2168421	0.2568421	0.10736842	0.12421053	0.11368421	0.037894737	0.021052632	0.016842105
2019	7	1	0	0	36	0	0	0	0	0.002819549	0.017857143	0.10620301	0.2368421	0.23778196	0.10620301	0.12218045	0.11090226	0.032894737	0.015037594	0.011278195
2020	7	1	0	0	3	0	0	0	0	0	0	0.076923077	0.30769231	0.30769231	0.15384615	0.076923077	0	0	0	0.076923077
2021	7	1	0	0	9	0	0	0	0	0	0	0.10679612	0.26213592	0.39805825	0.077669903	0.097087379	0.038834951	0.009708738	0	0.009708738
2022	7	1	0	0	35	0	0	0	0	0.002781641	0.026425591	0.09596662	0.22392211	0.20584145	0.17663421	0.13351878	0.10013908	0.016689847	0.006954103	0.011126565
2014	7	2	0	0	223	0.03	0.0616	0.2519	0.1552	0.1679	0.1789	0.052	0.0295	0.0396	0.0251	0.0058	0.0019	0	7.00E-04	0
2016	7	2	0	0	240	0.0896	0.0436	0.116	0.2	0.2637	0.0617	0.1313	0.0422	0.0367	0.0076	0.0023	0.0054	0	0	0
2019	7	2	0	0	203	0.0275	0.0272	0.109	0.2048	0.2886	0.1195	0.1004	0.0496	0.0551	0.0133	8.00E-04	0.0041	0	0	0
2021	7	2	0	0	234	0.0233	0.0192	0.1079	0.2432	0.2504	0.0632	0.1464	0.0303	0.077	0.028	0.0016	0.0049	0.0018	0.0024	4.00E-04
-9999	0	0	0	0	0	0	0	0	0	0	0	0	0	0	0	0	0	0	0	0
0 #_N_agebins
#
#_MeanSize_at_Age_obs
0 #_use_MeanSize_at_Age_obs
0 #_N_environ_variables
0 #_N_sizefreq_methods
0 #_do_tags
0 #_morphcomp_data
0 #_use_selectivity_priors
#
999
